degraded

Dataset                   PSNR      SSIM     LPIPS      NIQE
-----------------------------------------------------------------
Set5_x2                  11.11    0.2511    0.7739      4.97
Set5_x3                  11.00    0.2009    0.7313      6.36
Set5_x4                  28.36    0.8228    0.1144      4.68
Set14_x2                 11.08    0.2267    0.8257      5.18
Set14_x3                 10.99    0.2004    0.7882      6.34
Set14_x4                 25.07    0.6683    0.1923      3.91
BSD100_x2                11.96    0.2304    0.8201      5.70
BSD100_x3                11.93    0.2004    0.7803      7.44
BSD100_x4                24.81    0.6360    0.2089      3.53
Urban100_x2              10.81    0.1073    0.6688      5.92
Urban100_x4              22.95    0.6906    0.1774      3.56





proposed-merge

Dataset                   PSNR      SSIM     LPIPS      NIQE
-----------------------------------------------------------------
Set5_x2                  11.97    0.2708    0.8751      7.41
Set5_x3                  11.75    0.1851    0.9304      8.00
Set5_x4                  30.25    0.8651    0.1176      5.55
Set14_x2                 12.53    0.2638    0.8676      6.86
Set14_x3                 12.40    0.1966    0.9207      6.61
Set14_x4                 26.78    0.7234    0.1724      4.00
BSD100_x2                14.02    0.2781    0.8089      6.73
BSD100_x3                13.84    0.2129    0.8358      6.63
BSD100_x4                26.12    0.6843    0.2059      3.50
Urban100_x2              12.13    0.1860    0.7403      7.11
Urban100_x4              24.71    0.7457    0.1638      3.94



dino-ranger
Dataset                   PSNR      SSIM     LPIPS      NIQE
-----------------------------------------------------------------
Set5_x2                  10.78    0.2852    0.6940      4.70
Set5_x3                  10.83    0.2803    0.6255      5.01
Set5_x4                  30.95    0.8662    0.0877      5.18
Set14_x2                 10.87    0.2723    0.6941      4.43
Set14_x3                 10.88    0.2727    0.6584      4.81
Set14_x4                 27.36    0.7345    0.1458      3.98
BSD100_x2                12.07    0.2885    0.6830      4.56
BSD100_x3                12.10    0.2842    0.6601      4.94
BSD100_x4                26.32    0.6854    0.1890      3.37
Urban100_x2              10.96    0.1930    0.5534      4.77
Urban100_x4              25.00    0.7479    0.1519      3.71



dino-ranger-w-degrade
Dataset                   PSNR      SSIM     LPIPS      NIQE
-----------------------------------------------------------------
Set5_x2                  11.58    0.2591    0.7123      7.41
Set5_x3                  11.56    0.2557    0.7007      7.89
Set5_x4                  29.09    0.8378    0.1150      5.10
Set14_x2                 11.26    0.1974    0.7496      6.76
Set14_x3                 11.29    0.2082    0.7220      7.41
Set14_x4                 26.38    0.7043    0.1775      3.97
BSD100_x2                12.37    0.2440    0.7555      6.84
BSD100_x3                12.54    0.2559    0.7264      7.78
BSD100_x4                25.60    0.6543    0.2072      3.66
Urban100_x2              10.72    0.1205    0.6434      6.70
Urban100_x4              24.14    0.7157    0.1801      3.64